578
579
580
581
919
920
921
922
923
924
925
926
927
928
929
930
931
932
933
950
951
952
953
954
955
956
957
958
959
960
961
962
963
964
965
966
967
968
969
970
971
972
973
974
975
976
977
978
979
980
981
982
983
984
985
986
987
988
989
990
991
992
993
994
995
996
997
998
999
1000
1001
1002
1003
1004
1005
1006
1007
1008
1009
1010
1476
1477
1478
1479
1480
1481
1482
1483
1484
1485
1486
1487
1488
1489
1490
1491
1492
1493
1494
1495
1496
1497
1498
1499
1500
1653
1654
1655
1656
1657
1658
1659
1660
1790
1791
1792
1793
1794
1795
1796
1797
1798
1799
1800
1801
1802
1803
1804
1805
1806
1807
1808
1809
1810
1811
1812
1813
1814
1815
1816
1817
1818
1819
1820
1821
1822
1823
1824
1825
1826
1827
1828
1829
1830
1831
1832
1833
1834
1928
1929
2262
2263
2264
2265
2266
2279
2280
2281
2282
2283
2605
2606
2840
2841
2842
2843
2868
2869
2870
2871
2872
2873
2874
2875
2876
2877
2878
2879
2880
2881
2882
2883
2884
2885
2886
2887
2888
2889
2890
2891
2892
2893
2894
2895
2896
2897
2898
2899
2900
2901
2902
2903
2904
2905
2906
2907
2908
2909
2910
2911
2912
2913
2914
2915
2916
2917
2918
2919
2920
2921
2922
2923
2924
2925
2926
2927
3040
3041
3042
3043
3044
3110
3111
3112
3113
3163
3164
3165
3166
3167
3168
3169
3170
3171
3172
3265
3266
3267
3268
3269
3270
3271
3272
3273
3274
3275
3276
3277
3278
3279
3280
3281
3282
3283
3284
3285
3286
3287
3288
3289
3290
3291
3373
3374
3375
3376
3377
3378
3434
3435
3436
3437
3438
3439
3440
3441
3442
3443
3730
3731
3732
3733
3734
3735
3736
3737
3738
3739
3740
3741
3742
3795
3796
3797
3798
3799
3887
3888
3889
3890
3981
3982
3990
3992
3993
3994
3995
3996
4028
4029
4030
4031
4207
4208
4209
4210
4211
4212
4213
4214
4215
4325
4326
4327
4328
4329
4484
4485
4486
4526
4527
4528
4529
4663
4664
4665
4666
4710
4711
4712
4713
4815
4816
4832
4833
4939
4940
4941
4942
5208
5209
5210
5211
5279
5280
5281
5282
5293
5294
5295
5296
5481
5482
5492
5493
5494
5495
5519
5520
5521
5522
5523
5576
5577
5578
5579
5687
5688
5689
5690
5691
5692
5695
5696
5774
5775
5776
5777
5832
5833
5834
5930
5931
6054
6055
6056
6057
6095
6096
6097
6098
6099
6173
6174
6175
6237
6238
6310
6311
6312
6429
6430
6431
6432
6433
6466
6467
6468
6471
6472
6539
6540
6663
6664
6820
6821
6822
6823
6846
6847
6848
6849
6972
6973
6975
6976
7053
7054
7055
7056
7057
7058
7059
7060
7107
7108
7109
7110
7114
7115
7138
7139
7212
7213
7214
7215
7216
7217
7218
7219
7220
7221
7222
7223
7224
7225
7226
7227
7228
7229
7230
7231
7232
7233
7234
7235
7236
7237
7238
7546
7547
7548
7561
7562
7563
7564
7565
7638
7639
7640
7641
7773
7774
7863
7864
8063
8064
8065
8066
8067
8068
8069
8088
8089
8090
8091
8262
8263
8325
8326
8327
8328
8566
8567
8568
8569
8570
8571
8572
8573
8719
8720
8787
8788
8789
8790
8939
8940
8941
8942
8948
8949
8950
8951
9053
9054
9055
9056
9139
9140
9141
9197
9198
9214
9215
9311
9312
9313
9335
9336
9337
9338
9339
9372
9373
9374
9375
9376
9392
9393
9394
9464
9465
9466
9467
9523
9524
9702
9703
9740
9741
9776
9777
10291
10326
10641
10968
10975
11062
11077
11078
11450
11458
11849
11850
11866
11885
11898
11908
11912
11917
11938
11945
11953
11965
11975
12445
12465
12680
12681
13590
